+6287742393204
+6287725859516
+6287734402132
+6282317126982
+6285830684184
+6281572895256
+6287720253226
+6282325298325
+6285664519356 
+6289635610819
+6281806223867 
+6281325027547 
+6285319315646 
+6283178960442 
+6281542017104 
+6285777737277 
+6285263548987 
+6285943134488 
+6281296866960 
+6287863499506 
+6285735000557 
+6285336847072 
+6285645047541 
+6285707458800 
+6282233565560 
+6287882554771 
+6283832583328 
+6283832583225 
+6282117216256 
+6281337905933 
+62895340631488 
+000001318007 
+6282389286328 
+6285704727828
+6283110382277 
+628980562112 
+6289687484008 
+6285786140483 
+6283807310244 
+628382388813 
+6285799385357 
+6282228818812 
+6281363485787 
+6285759164160 
+6283831454480 
+6285797823326 
+6283850539724 
+6283808855207 
+6282284967495 
+6283896038298 
+6285243887456 
+628988204811 
+6282313167456 
+6285875170641 
+6283162541941 
+62895361839112 
+628569009437 
+6282316711452 
+6285694151875 
+6285960201358 
+6282277897995 
+6287770359001 
+6282394807625 
+6285838957031 
+6285723269039 
+6285850661602 
+6285879708958 
+6282220991623 
+6281572555763 
+6285268613887 
+6287888848726 
+6287728958819 
+6287863653945 
+6282240686106 
+6285331450484 
+6283827596504 
+6289664369880 
+6287750081899 
+6282286501998 
+6285774376180 
+6283831035109 
+6285335403212 
+6285871005622 
+6282338322232 
+6283851397941 
+6283832587556 
+6282235851009 
+6283832583225 
+6283832583227 
+6285886743863 
+6283832583990 
+6283832583228 
+6282359379325 
+6281806223867 
+6285830634291 
+6281292647293 
+6285958512488 
+6287889800490 
+6285724796847 
+6281360693912 
+6281563122648 
+6285774073161 
+6281223394831 
+6283170455356 
+6281997534025 
+6282286501998 
+6287880728667 
+6282255654351 
+6281266586779 
+6285786140483 
+6282340982325 
+6285259836343 
+6282289199246 
+6283832165856 
+628988204811 
+6282313167456 
+6285875170641 
+6283162541941 
+6285292460220 
+6289650647813 
+6285319315646 
+6282123967233 
+6285217326913 
+6282240686106 
+6285331450484 
+6285243887456 
+6287771696250 
+6285973771592 
+6283832165856 
+628988204811 
+6282313167456 
+6285875170641 
+6283162541941 
+6283110382277 
+6281327755197 
+6283854204047 
+62895801029273 
+62895801029273 
+6283854204047 
+6285694151875 
+6285815531951 
+6285259836343 
+628988204811 
+6282313167456 
+6285875170641 
+6283162541941 
+6283110382277 
+6282333329298 
+6281327755197
+6285236085762
+6285559587169
+6289635058809